+------------+--------------+--------------------+
|   Expected |   Calculated |   Error percentage |
+============+==============+====================+
|   18223.5  |   26342.3    |            69.1795 |
+------------+--------------+--------------------+
|    5116.5  |    3128.67   |           163.536  |
+------------+--------------+--------------------+
|   36910.6  |   14598.3    |           252.841  |
+------------+--------------+--------------------+
|   38415.5  |   31858.3    |           120.582  |
+------------+--------------+--------------------+
|   20296.9  |   30663.5    |            66.1923 |
+------------+--------------+--------------------+
|   12347.2  |   14715.6    |            83.9052 |
+------------+--------------+--------------------+
|    5373.36 |    7680.45   |            69.9616 |
+------------+--------------+--------------------+
|   23563    |    9468.44   |           248.858  |
+------------+--------------+--------------------+
|    1702.46 |      49.4264 |          3444.43   |
+------------+--------------+--------------------+
|   10806.8  |   12328.7    |            87.6561 |
+------------+--------------+--------------------+
|    3956.07 |    5779.31   |            68.4523 |
+------------+--------------+--------------------+
|   12890.1  |    5885.09   |           219.029  |
+------------+--------------+--------------------+
|    5415.66 |    5967.5    |            90.7526 |
+------------+--------------+--------------------+
|    4058.12 |    7987.27   |            50.8073 |
+------------+--------------+--------------------+
|   41661.6  |   34656.2    |           120.214  |
+------------+--------------+--------------------+
|    7537.16 |    8997.83   |            83.7664 |
+------------+--------------+--------------------+
|    4718.2  |    3890.25   |           121.283  |
+------------+--------------+--------------------+
|    6593.51 |    6706.65   |            98.313  |
+------------+--------------+--------------------+
|    8442.67 |    8574.84   |            98.4585 |
+------------+--------------+--------------------+
|   26125.7  |   24741.5    |           105.595  |
+------------+--------------+--------------------+
|    6858.48 |    7082.69   |            96.8343 |
+------------+--------------+--------------------+
|    4795.66 |    9703.55   |            49.4217 |
+------------+--------------+--------------------+
|    6640.54 |    4356.94   |           152.413  |
+------------+--------------+--------------------+
|    7162.01 |   11246      |            63.6847 |
+------------+--------------+--------------------+
|   10594.2  |   13110.9    |            80.8046 |
+------------+--------------+--------------------+
|   11938.3  |   13106      |            91.0899 |
+------------+--------------+--------------------+
|   60021.4  |   37510.4    |           160.013  |
+------------+--------------+--------------------+
|   20167.3  |   23450.9    |            85.998  |
+------------+--------------+--------------------+
|   12479.7  |   11202.2    |           111.404  |
+------------+--------------+--------------------+
|   11345.5  |    9516.84   |           119.215  |
+------------+--------------+--------------------+
|    8515.76 |    9173.12   |            92.8338 |
+------------+--------------+--------------------+
|    2699.57 |    4820.77   |            55.9987 |
+------------+--------------+--------------------+
|   14449.9  |   11772.9    |           122.739  |
+------------+--------------+--------------------+
|   12224.4  |   12245.1    |            99.8303 |
+------------+--------------+--------------------+
|    6985.51 |    6436.43   |           108.531  |
+------------+--------------+--------------------+
|    3238.44 |    8438.69   |            38.376  |
+------------+--------------+--------------------+
|   47269.9  |   39113.2    |           120.854  |
+------------+--------------+--------------------+
|   49577.7  |   40556.4    |           122.244  |
+------------+--------------+--------------------+
|    4296.27 |    1993.12   |           215.555  |
+------------+--------------+--------------------+
|    3171.61 |    5832.43   |            54.379  |
+------------+--------------+--------------------+
|    1135.94 |    3115.81   |            36.4573 |
+------------+--------------+--------------------+
|    5615.37 |    4181.73   |           134.283  |
+------------+--------------+--------------------+
|    9101.8  |    8432.17   |           107.941  |
+------------+--------------+--------------------+
|    6059.17 |    6745.65   |            89.8234 |
+------------+--------------+--------------------+
|    1633.96 |    5513.77   |            29.6342 |
+------------+--------------+--------------------+
|   37607.5  |   31808.4    |           118.231  |
+------------+--------------+--------------------+
|   18648.4  |   28137.9    |            66.275  |
+------------+--------------+--------------------+
|    1241.57 |   -1524.36   |           -81.4485 |
+------------+--------------+--------------------+
|   16232.8  |   25012.8    |            64.8982 |
+------------+--------------+--------------------+
|   15828.8  |    8741.5    |           181.077  |
+------------+--------------+--------------------+
|    4415.16 |    5573.15   |            79.222  |
+------------+--------------+--------------------+
|    6474.01 |   10537.7    |            61.4367 |
+------------+--------------+--------------------+
|   11436.7  |   14332.3    |            79.7971 |
+------------+--------------+--------------------+
|   11305.9  |   11430.7    |            98.9081 |
+------------+--------------+--------------------+
|   30063.6  |   15530.8    |           193.574  |
+------------+--------------+--------------------+
|   10197.8  |    9486.7    |           107.495  |
+------------+--------------+--------------------+
|    4544.23 |    3538.83   |           128.411  |
+------------+--------------+--------------------+
|    3277.16 |    6858.07   |            47.7854 |
+------------+--------------+--------------------+
|    6770.19 |    7844.16   |            86.3087 |
+------------+--------------+--------------------+
|    7337.75 |    8536.84   |            85.954  |
+------------+--------------+--------------------+
|   10370.9  |   12858.9    |            80.6519 |
+------------+--------------+--------------------+
|   26926.5  |   35421.5    |            76.0174 |
+------------+--------------+--------------------+
|   10704.5  |   11388.9    |            93.9906 |
+------------+--------------+--------------------+
|   34254.1  |   28545.8    |           119.997  |
+------------+--------------+--------------------+
|    1880.49 |    3442.18   |            54.6306 |
+------------+--------------+--------------------+
|    8615.3  |    8772.05   |            98.2131 |
+------------+--------------+--------------------+
|    3292.53 |    6149.74   |            53.5393 |
+------------+--------------+--------------------+
|    3021.81 |    5951.37   |            50.775  |
+------------+--------------+--------------------+
|   14478.3  |    8811.92   |           164.304  |
+------------+--------------+--------------------+
|    4747.05 |    5923.45   |            80.14   |
+------------+--------------+--------------------+
|   17043.3  |   26879.6    |            63.4063 |
+------------+--------------+--------------------+
|   10959.3  |    9395.47   |           116.645  |
+------------+--------------+--------------------+
|    2741.95 |    4267.09   |            64.258  |
+------------+--------------+--------------------+
|    4357.04 |    6156.92   |            70.7666 |
+------------+--------------+--------------------+
|   22462    |   32359.1    |            69.415  |
+------------+--------------+--------------------+
|    4189.11 |    4185.51   |           100.086  |
+------------+--------------+--------------------+
|    8283.68 |   10974.5    |            75.4814 |
+------------+--------------+--------------------+
|   24535.7  |   33850.9    |            72.4816 |
+------------+--------------+--------------------+
|   14283.5  |   24173.5    |            59.0873 |
+------------+--------------+--------------------+
|    1720.35 |    2413.7    |            71.2746 |
+------------+--------------+--------------------+
|   47403.9  |   38765.1    |           122.285  |
+------------+--------------+--------------------+
|    8534.67 |    8595.85   |            99.2883 |
+------------+--------------+--------------------+
|    3732.63 |    1458.22   |           255.971  |
+------------+--------------+--------------------+
|    5472.45 |    5441.52   |           100.568  |
+------------+--------------+--------------------+
|   38344.6  |   29784.4    |           128.741  |
+------------+--------------+--------------------+
|    7147.47 |   10420.7    |            68.5892 |
+------------+--------------+--------------------+
|    7133.9  |    5646.88   |           126.333  |
+------------+--------------+--------------------+
|   34828.7  |   27269.3    |           127.721  |
+------------+--------------+--------------------+
|    1515.34 |     534.003  |           283.771  |
+------------+--------------+--------------------+
|    9301.89 |    9296.4    |           100.059  |
+------------+--------------+--------------------+
|   11931.1  |   11411.8    |           104.551  |
+------------+--------------+--------------------+
|    1964.78 |    -156.578  |         -1254.82   |
+------------+--------------+--------------------+
|    1708.93 |    1586.78   |           107.698  |
+------------+--------------+--------------------+
|    4340.44 |    4428.21   |            98.0181 |
+------------+--------------+--------------------+
|    5261.47 |    6178.3    |            85.1605 |
+------------+--------------+--------------------+
|    2710.83 |    1931.84   |           140.324  |
+------------+--------------+--------------------+
|   62592.9  |   32785.3    |           190.917  |
+------------+--------------+--------------------+
|   46718.2  |   38852.8    |           120.244  |
+------------+--------------+--------------------+
|    3208.79 |     969.042  |           331.13   |
+------------+--------------+--------------------+
|   37829.7  |   31007.7    |           122.001  |
+------------+--------------+--------------------+
|   21259.4  |   31750.2    |            66.9581 |
+------------+--------------+--------------------+
|    2464.62 |    3038.46   |            81.1141 |
+------------+--------------+--------------------+
|   16115.3  |   27024.4    |            59.6324 |
+------------+--------------+--------------------+
|   21472.5  |   30726.7    |            69.8822 |
+------------+--------------+--------------------+
|   33900.7  |   27492.5    |           123.309  |
+------------+--------------+--------------------+
|    6875.96 |    8922.65   |            77.0619 |
+------------+--------------+--------------------+
|    6940.91 |    7695.29   |            90.1969 |
+------------+--------------+--------------------+
|    4571.41 |    5406.41   |            84.5555 |
+------------+--------------+--------------------+
|    4536.26 |   10294.4    |            44.0654 |
+------------+--------------+--------------------+
|   36397.6  |   28233.3    |           128.917  |
+------------+--------------+--------------------+
|   18765.9  |   28612      |            65.5875 |
+------------+--------------+--------------------+
|   11272.3  |    2696.13   |           418.092  |
+------------+--------------+--------------------+
|    1731.68 |   -1005.56   |          -172.209  |
+------------+--------------+--------------------+
|    1163.46 |    9654.92   |            12.0505 |
+------------+--------------+--------------------+
|   19496.7  |   11933.3    |           163.381  |
+------------+--------------+--------------------+
|    7201.7  |    7577.2    |            95.0443 |
+------------+--------------+--------------------+
|    5425.02 |    7251.33   |            74.8141 |
+------------+--------------+--------------------+
|   28101.3  |   36734.4    |            76.4987 |
+------------+--------------+--------------------+
|   12981.3  |   16084.9    |            80.7053 |
+------------+--------------+--------------------+
|   43896.4  |   36360.9    |           120.724  |
+------------+--------------+--------------------+
|    4239.89 |    4781.63   |            88.6705 |
+------------+--------------+--------------------+
|   13143.3  |   14933.2    |            88.0144 |
+------------+--------------+--------------------+
|    7050.02 |   10152.2    |            69.4432 |
+------------+--------------+--------------------+
|    9377.9  |   10778.2    |            87.0083 |
+------------+--------------+--------------------+
|   22395.7  |    3256.7    |           687.682  |
+------------+--------------+--------------------+
|   10325.2  |   13824.5    |            74.688  |
+------------+--------------+--------------------+
|   12629.2  |   11524.5    |           109.585  |
+------------+--------------+--------------------+
|   10795.9  |    4235.62   |           254.885  |
+------------+--------------+--------------------+
|   11411.7  |   16481.4    |            69.2399 |
+------------+--------------+--------------------+
|   10600.5  |   12035.9    |            88.0746 |
+------------+--------------+--------------------+
|    2205.98 |    3755.21   |            58.7445 |
+------------+--------------+--------------------+
|    1629.83 |    4532.9    |            35.9556 |
+------------+--------------+--------------------+
|    2007.94 |    1218.72   |           164.759  |
+------------+--------------+--------------------+
|   29141.4  |   37094.6    |            78.5595 |
+------------+--------------+--------------------+