+------------+--------------+--------------------+
|   Expected |   Calculated |   Error percentage |
+============+==============+====================+
|   18223.5  |     21353.6  |            85.3413 |
+------------+--------------+--------------------+
|    5116.5  |      7864.58 |            65.0575 |
+------------+--------------+--------------------+
|   36910.6  |     14285.4  |           258.38   |
+------------+--------------+--------------------+
|   38415.5  |     25137.4  |           152.822  |
+------------+--------------+--------------------+
|   20296.9  |     25719.1  |            78.9174 |
+------------+--------------+--------------------+
|   12347.2  |     14381    |            85.8576 |
+------------+--------------+--------------------+
|    5373.36 |      9904.09 |            54.254  |
+------------+--------------+--------------------+
|   23563    |     10650.4  |           221.241  |
+------------+--------------+--------------------+
|    1702.46 |      5172.13 |            32.9159 |
+------------+--------------+--------------------+
|   10806.8  |     12620.2  |            85.631  |
+------------+--------------+--------------------+
|    3956.07 |      8058.54 |            49.0917 |
+------------+--------------+--------------------+
|   12890.1  |      7659.09 |           168.297  |
+------------+--------------+--------------------+
|    5415.66 |      9073.26 |            59.6881 |
+------------+--------------+--------------------+
|    4058.12 |      9022.14 |            44.9795 |
+------------+--------------+--------------------+
|   41661.6  |     27096.3  |           153.754  |
+------------+--------------+--------------------+
|    7537.16 |     10711.8  |            70.3635 |
+------------+--------------+--------------------+
|    4718.2  |      7959.81 |            59.2753 |
+------------+--------------+--------------------+
|    6593.51 |      9573.12 |            68.8752 |
+------------+--------------+--------------------+
|    8442.67 |     11181.5  |            75.5059 |
+------------+--------------+--------------------+
|   26125.7  |     20593.5  |           126.864  |
+------------+--------------+--------------------+
|    6858.48 |     10555.1  |            64.978  |
+------------+--------------+--------------------+
|    4795.66 |      9921.92 |            48.334  |
+------------+--------------+--------------------+
|    6640.54 |      9186.78 |            72.2837 |
+------------+--------------+--------------------+
|    7162.01 |     11707.1  |            61.1769 |
+------------+--------------+--------------------+
|   10594.2  |     13712.8  |            77.2579 |
+------------+--------------+--------------------+
|   11938.3  |     14724.6  |            81.0772 |
+------------+--------------+--------------------+
|   60021.4  |     30048.2  |           199.75   |
+------------+--------------+--------------------+
|   20167.3  |     19636.3  |           102.704  |
+------------+--------------+--------------------+
|   12479.7  |     13246.5  |            94.2117 |
+------------+--------------+--------------------+
|   11345.5  |     11973.3  |            94.7566 |
+------------+--------------+--------------------+
|    8515.76 |     10984.7  |            77.5235 |
+------------+--------------+--------------------+
|    2699.57 |      7595.93 |            35.5397 |
+------------+--------------+--------------------+
|   14449.9  |     14516.9  |            99.5381 |
+------------+--------------+--------------------+
|   12224.4  |     13812.4  |            88.5025 |
+------------+--------------+--------------------+
|    6985.51 |     10065.7  |            69.3991 |
+------------+--------------+--------------------+
|    3238.44 |      8585.25 |            37.7209 |
+------------+--------------+--------------------+
|   47269.9  |     30231.7  |           156.359  |
+------------+--------------+--------------------+
|   49577.7  |     32043.2  |           154.722  |
+------------+--------------+--------------------+
|    4296.27 |      6131.33 |            70.0708 |
+------------+--------------+--------------------+
|    3171.61 |      7681.23 |            41.2904 |
+------------+--------------+--------------------+
|    1135.94 |      5664.49 |            20.0537 |
+------------+--------------+--------------------+
|    5615.37 |      7170.71 |            78.3098 |
+------------+--------------+--------------------+
|    9101.8  |     10354.2  |            87.9045 |
+------------+--------------+--------------------+
|    6059.17 |      8669.46 |            69.891  |
+------------+--------------+--------------------+
|    1633.96 |      6548.4  |            24.9521 |
+------------+--------------+--------------------+
|   37607.5  |     25846.5  |           145.503  |
+------------+--------------+--------------------+
|   18648.4  |     23392.2  |            79.7205 |
+------------+--------------+--------------------+
|    1241.57 |      3379.5  |            36.7381 |
+------------+--------------+--------------------+
|   16232.8  |     20440    |            79.4172 |
+------------+--------------+--------------------+
|   15828.8  |     10079.9  |           157.033  |
+------------+--------------+--------------------+
|    4415.16 |      8168.96 |            54.048  |
+------------+--------------+--------------------+
|    6474.01 |     10675.1  |            60.646  |
+------------+--------------+--------------------+
|   11436.7  |     14281.3  |            80.0821 |
+------------+--------------+--------------------+
|   11305.9  |     13159    |            85.918  |
+------------+--------------+--------------------+
|   30063.6  |     15328.9  |           196.124  |
+------------+--------------+--------------------+
|   10197.8  |     12445.9  |            81.9369 |
+------------+--------------+--------------------+
|    4544.23 |      7917.03 |            57.3982 |
+------------+--------------+--------------------+
|    3277.16 |      7941.56 |            41.2659 |
+------------+--------------+--------------------+
|    6770.19 |      9927.14 |            68.1988 |
+------------+--------------+--------------------+
|    7337.75 |     10014.5  |            73.271  |
+------------+--------------+--------------------+
|   10370.9  |     13768.7  |            75.3223 |
+------------+--------------+--------------------+
|   26926.5  |     29670    |            90.7534 |
+------------+--------------+--------------------+
|   10704.5  |     12334    |            86.7884 |
+------------+--------------+--------------------+
|   34254.1  |     23566.1  |           145.353  |
+------------+--------------+--------------------+
|    1880.49 |      5457.75 |            34.4554 |
+------------+--------------+--------------------+
|    8615.3  |     10637.1  |            80.9933 |
+------------+--------------+--------------------+
|    3292.53 |      8254.72 |            39.8866 |
+------------+--------------+--------------------+
|    3021.81 |      7840.02 |            38.5434 |
+------------+--------------+--------------------+
|   14478.3  |     11046.7  |           131.065  |
+------------+--------------+--------------------+
|    4747.05 |      8648.4  |            54.8894 |
+------------+--------------+--------------------+
|   17043.3  |     22241    |            76.6304 |
+------------+--------------+--------------------+
|   10959.3  |     11821.9  |            92.7037 |
+------------+--------------+--------------------+
|    2741.95 |      7230.35 |            37.9228 |
+------------+--------------+--------------------+
|    4357.04 |      8625.55 |            50.5132 |
+------------+--------------+--------------------+
|   22462    |     26779.1  |            83.8789 |
+------------+--------------+--------------------+
|    4189.11 |      7272.33 |            57.6034 |
+------------+--------------+--------------------+
|    8283.68 |     11866.7  |            69.8063 |
+------------+--------------+--------------------+
|   24535.7  |     27759.7  |            88.3859 |
+------------+--------------+--------------------+
|   14283.5  |     20966.5  |            68.1252 |
+------------+--------------+--------------------+
|    1720.35 |      5457.7  |            31.5216 |
+------------+--------------+--------------------+
|   47403.9  |     30481    |           155.519  |
+------------+--------------+--------------------+
|    8534.67 |     11567.7  |            73.7801 |
+------------+--------------+--------------------+
|    3732.63 |      6631.53 |            56.286  |
+------------+--------------+--------------------+
|    5472.45 |      7997.48 |            68.4271 |
+------------+--------------+--------------------+
|   38344.6  |     22658.3  |           169.23   |
+------------+--------------+--------------------+
|    7147.47 |     11462.3  |            62.3563 |
+------------+--------------+--------------------+
|    7133.9  |      9598.48 |            74.3232 |
+------------+--------------+--------------------+
|   34828.7  |     21301.9  |           163.5    |
+------------+--------------+--------------------+
|    1515.34 |      4863.32 |            31.1586 |
+------------+--------------+--------------------+
|    9301.89 |     11774.6  |            78.9994 |
+------------+--------------+--------------------+
|   11931.1  |     14002.5  |            85.2069 |
+------------+--------------+--------------------+
|    1964.78 |      4154.53 |            47.2924 |
+------------+--------------+--------------------+
|    1708.93 |      5827.3  |            29.3262 |
+------------+--------------+--------------------+
|    4340.44 |      7267.66 |            59.7227 |
+------------+--------------+--------------------+
|    5261.47 |      9057.24 |            58.0913 |
+------------+--------------+--------------------+
|    2710.83 |      5621.25 |            48.2247 |
+------------+--------------+--------------------+
|   62592.9  |     26652.2  |           234.851  |
+------------+--------------+--------------------+
|   46718.2  |     31617.4  |           147.761  |
+------------+--------------+--------------------+
|    3208.79 |      4994.73 |            64.2435 |
+------------+--------------+--------------------+
|   37829.7  |     25288    |           149.596  |
+------------+--------------+--------------------+
|   21259.4  |     26911.2  |            78.9982 |
+------------+--------------+--------------------+
|    2464.62 |      6091.73 |            40.4585 |
+------------+--------------+--------------------+
|   16115.3  |     23278.2  |            69.2292 |
+------------+--------------+--------------------+
|   21472.5  |     25255.6  |            85.0207 |
+------------+--------------+--------------------+
|   33900.7  |     21857.2  |           155.101  |
+------------+--------------+--------------------+
|    6875.96 |     10210    |            67.3454 |
+------------+--------------+--------------------+
|    6940.91 |     10508.6  |            66.0496 |
+------------+--------------+--------------------+
|    4571.41 |      8405.41 |            54.3865 |
+------------+--------------+--------------------+
|    4536.26 |     10004.2  |            45.3434 |
+------------+--------------+--------------------+
|   36397.6  |     21759.6  |           167.272  |
+------------+--------------+--------------------+
|   18765.9  |     23924.5  |            78.4378 |
+------------+--------------+--------------------+
|   11272.3  |      6392.5  |           176.337  |
+------------+--------------+--------------------+
|    1731.68 |      3462.57 |            50.0113 |
+------------+--------------+--------------------+
|    1163.46 |      8451.24 |            13.7668 |
+------------+--------------+--------------------+
|   19496.7  |     12301.3  |           158.493  |
+------------+--------------+--------------------+
|    7201.7  |     10113.6  |            71.208  |
+------------+--------------+--------------------+
|    5425.02 |      9407.55 |            57.6667 |
+------------+--------------+--------------------+
|   28101.3  |     30844.5  |            91.1065 |
+------------+--------------+--------------------+
|   12981.3  |     15578.4  |            83.329  |
+------------+--------------+--------------------+
|   43896.4  |     27923.7  |           157.201  |
+------------+--------------+--------------------+
|    4239.89 |      8170.2  |            51.8946 |
+------------+--------------+--------------------+
|   13143.3  |     15802.3  |            83.1734 |
+------------+--------------+--------------------+
|    7050.02 |     11732.5  |            60.0899 |
+------------+--------------+--------------------+
|    9377.9  |     12312.6  |            76.1652 |
+------------+--------------+--------------------+
|   22395.7  |      7084.31 |           316.131  |
+------------+--------------+--------------------+
|   10325.2  |     13395.7  |            77.0784 |
+------------+--------------+--------------------+
|   12629.2  |     13183.3  |            95.7969 |
+------------+--------------+--------------------+
|   10795.9  |      6095    |           177.128  |
+------------+--------------+--------------------+
|   11411.7  |     14482.4  |            78.7969 |
+------------+--------------+--------------------+
|   10600.5  |     13340.9  |            79.4588 |
+------------+--------------+--------------------+
|    2205.98 |      6613.39 |            33.3563 |
+------------+--------------+--------------------+
|    1629.83 |      6130.38 |            26.5862 |
+------------+--------------+--------------------+
|    2007.94 |      4609.89 |            43.5573 |
+------------+--------------+--------------------+
|   29141.4  |     30353.1  |            96.0079 |
+------------+--------------+--------------------+